['0.0.txt_1', 47.88, 28.96, 20.3, 15.4, 12.6, 10.74, 9.34, 8.56, 8.0, 7.42, 7.0, 6.62, 6.34, 6.06, 5.8, 5.6, 5.32, 5.12, 4.94, 4.82, 4.7, 4.44, 4.26, 4.16, 4.12, 4.06, 3.96, 3.94, 3.88, 3.88, 3.84, 3.76, 3.74, 3.68, 3.64, 3.56, 3.52, 3.5, 3.44, 3.42, 3.42, 22]
['0.0.txt_2', 0.027, 2.589, 5.239, 7.345, 9.099, 10.144, 11.08, 11.655, 12.512, 13.145, 13.665, 14.091, 14.516, 14.923, 15.424, 15.361, 15.757, 15.831, 16.03, 16.262, 16.51, 16.854, 17.244, 17.329, 17.503, 17.718, 17.962, 17.807, 17.643, 17.626, 17.709, 17.998, 18.015, 18.261, 18.273, 18.436, 18.437, 18.478, 18.768, 18.77, 18.765, 405.318]
['0.1.txt_1', 47.88, 28.96, 20.26, 15.34, 12.52, 10.7, 9.36, 8.48, 7.94, 7.4, 6.84, 6.5, 6.34, 6.08, 5.86, 5.54, 5.28, 5.1, 4.92, 4.76, 4.6, 4.52, 4.3, 4.2, 4.12, 4.02, 3.92, 3.9, 3.88, 3.86, 3.84, 3.82, 3.68, 3.64, 3.62, 3.62, 3.6, 3.6, 3.6, 3.6, 3.54, 22]
['0.1.txt_2', 0.027, 2.589, 5.242, 7.386, 9.079, 10.126, 11.031, 11.587, 12.499, 13.143, 13.821, 14.189, 14.352, 14.909, 15.177, 15.396, 16.003, 16.185, 16.515, 16.844, 17.055, 17.125, 17.519, 17.63, 17.901, 18.177, 18.58, 18.642, 18.564, 18.38, 18.441, 18.472, 19.094, 19.325, 19.307, 19.287, 19.328, 19.301, 19.299, 19.296, 19.516, 405.318]
['0.2.txt_1', 47.88, 28.96, 20.22, 15.48, 12.32, 10.66, 9.28, 8.56, 8.08, 7.44, 6.86, 6.52, 6.26, 6.14, 5.82, 5.66, 5.42, 5.1, 4.92, 4.62, 4.44, 4.36, 4.22, 4.14, 4.08, 3.96, 3.92, 3.86, 3.82, 3.8, 3.76, 3.74, 3.7, 3.7, 3.68, 3.66, 3.6, 3.58, 3.58, 3.56, 3.56, 22]
['0.2.txt_2', 0.027, 2.606, 5.194, 7.287, 9.144, 10.302, 11.015, 11.654, 12.497, 13.256, 13.671, 14.282, 14.778, 14.959, 15.534, 15.577, 15.747, 16.438, 16.703, 16.91, 16.914, 17.169, 17.512, 17.64, 17.768, 17.951, 18.119, 18.25, 18.213, 18.256, 18.249, 18.347, 18.478, 18.291, 18.4, 18.486, 18.6, 18.622, 18.613, 18.45, 18.347, 402.636]
['0.3.txt_1', 47.88, 29.42, 20.72, 16.28, 13.64, 11.98, 10.58, 9.74, 9.06, 8.6, 8.14, 7.84, 7.52, 7.28, 6.9, 6.62, 6.48, 6.34, 6.24, 6.02, 5.84, 5.8, 5.5, 5.42, 5.34, 5.3, 5.28, 5.18, 4.98, 4.76, 4.7, 4.6, 4.42, 4.28, 4.26, 4.26, 4.2, 4.18, 4.16, 4.06, 4.04, 16]
['0.3.txt_2', 0.027, 2.303, 4.671, 6.234, 7.652, 8.604, 9.468, 9.924, 10.579, 10.993, 11.487, 12.134, 12.581, 12.835, 13.231, 13.57, 13.791, 14.244, 14.47, 14.948, 15.155, 15.196, 16.071, 16.142, 16.467, 16.566, 16.567, 16.805, 17.23, 17.579, 17.824, 17.949, 18.358, 18.521, 18.538, 18.538, 18.73, 18.846, 18.859, 19.333, 19.359, 439.5]
['0.4.txt_1', 47.88, 31.26, 23.58, 19.78, 16.44, 14.64, 13.3, 12.12, 11.36, 10.74, 10.24, 9.72, 9.26, 8.9, 8.54, 8.32, 8.12, 7.96, 7.8, 7.6, 7.46, 7.16, 7.12, 7.06, 6.94, 6.86, 6.78, 6.68, 6.52, 6.46, 6.4, 6.36, 6.26, 6.18, 6.08, 5.98, 5.82, 5.74, 5.56, 5.36, 5.24, 11]
['0.4.txt_2', 0.027, 1.685, 3.518, 4.993, 6.495, 7.653, 8.663, 9.419, 9.925, 10.369, 10.642, 11.406, 12.254, 12.649, 13.23, 13.671, 13.961, 14.287, 14.591, 14.813, 15.279, 15.995, 16.047, 16.166, 16.606, 16.799, 16.886, 17.144, 17.487, 17.703, 17.817, 17.9, 18.268, 18.419, 19.086, 19.267, 19.316, 19.652, 20.089, 20.332, 20.472, 433.727]
['0.5.txt_1', 47.88, 32.72, 25.62, 21.2, 18.64, 16.44, 15.02, 13.76, 12.86, 12.04, 11.52, 11.2, 10.72, 10.36, 9.9, 9.64, 9.28, 9.08, 8.96, 8.8, 8.68, 8.56, 8.42, 8.32, 8.26, 8.02, 7.88, 7.72, 7.58, 7.52, 7.42, 7.34, 7.2, 7.18, 7.16, 7.06, 6.94, 6.92, 6.86, 6.8, 6.76, 8]
['0.5.txt_2', 0.027, 1.405, 3.062, 4.718, 5.974, 7.174, 8.175, 8.985, 9.78, 10.399, 10.763, 11.276, 11.889, 12.185, 12.589, 12.902, 13.565, 13.784, 13.987, 14.154, 14.752, 15.014, 15.335, 15.52, 15.621, 16.25, 16.562, 16.862, 16.953, 17.087, 17.28, 17.661, 18.253, 18.273, 18.38, 18.671, 19.014, 19.022, 19.138, 19.357, 19.523, 568.375]
['0.6.txt_1', 47.88, 33.32, 26.86, 22.74, 20.0, 17.76, 16.32, 15.08, 14.14, 13.28, 12.64, 12.2, 11.74, 11.4, 10.92, 10.66, 10.44, 10.14, 9.96, 9.74, 9.66, 9.4, 9.2, 9.08, 8.96, 8.84, 8.7, 8.64, 8.46, 8.4, 8.32, 8.26, 8.22, 8.14, 8.08, 7.94, 7.88, 7.78, 7.62, 7.56, 7.42, 6]
['0.6.txt_2', 0.027, 1.322, 2.901, 4.387, 5.487, 6.724, 7.879, 8.658, 9.385, 10.03, 10.75, 11.175, 11.643, 11.845, 12.346, 12.747, 12.927, 13.562, 13.761, 13.997, 14.043, 14.502, 14.744, 15.169, 15.558, 16.226, 16.4, 16.468, 16.917, 17.013, 17.2, 17.27, 17.315, 17.703, 17.887, 18.227, 18.479, 18.602, 18.839, 18.993, 19.2, 527.333]
['0.7.txt_1', 47.88, 34.04, 27.76, 23.54, 20.92, 18.94, 17.48, 16.24, 15.22, 14.2, 13.68, 13.12, 12.56, 12.22, 11.92, 11.64, 11.24, 10.96, 10.7, 10.48, 10.22, 10.06, 9.86, 9.72, 9.62, 9.52, 9.24, 9.08, 8.92, 8.86, 8.64, 8.56, 8.46, 8.36, 8.34, 8.26, 8.22, 8.18, 8.12, 8.04, 7.96, 6]
['0.7.txt_2', 0.027, 1.251, 2.657, 4.199, 5.36, 6.389, 7.406, 8.357, 9.073, 9.777, 10.241, 10.88, 11.512, 11.74, 12.11, 12.389, 12.801, 13.272, 13.493, 13.726, 14.235, 14.402, 14.745, 14.9, 15.041, 15.229, 15.445, 15.74, 16.06, 16.607, 16.976, 17.213, 17.582, 17.901, 17.93, 18.062, 18.193, 18.416, 18.605, 18.655, 18.818, 597.333]
['0.8.txt_1', 47.88, 34.36, 28.4, 24.52, 21.78, 19.88, 18.34, 17.32, 16.12, 15.16, 14.56, 14.06, 13.6, 13.04, 12.8, 12.6, 12.28, 12.0, 11.7, 11.46, 11.24, 10.96, 10.76, 10.44, 10.08, 9.84, 9.7, 9.64, 9.5, 9.38, 9.34, 9.22, 9.16, 9.12, 9.1, 9.08, 8.98, 8.92, 8.82, 8.76, 8.74, 6]
['0.8.txt_2', 0.027, 1.186, 2.551, 4.03, 5.205, 6.183, 7.097, 7.815, 8.824, 9.394, 9.969, 10.44, 10.967, 11.474, 11.803, 12.231, 12.609, 12.962, 13.373, 13.797, 14.008, 14.49, 14.633, 14.959, 15.13, 15.555, 15.724, 15.837, 16.145, 16.389, 16.444, 16.657, 16.777, 16.836, 16.851, 16.865, 17.415, 18.073, 18.258, 18.333, 18.343, 707.167]
['0.9.txt_1', 47.88, 34.9, 29.28, 25.38, 22.28, 20.56, 18.9, 17.88, 17.06, 16.24, 15.54, 14.94, 14.5, 14.12, 13.78, 13.5, 13.04, 12.92, 12.62, 12.48, 12.38, 12.22, 11.98, 11.84, 11.6, 11.42, 11.14, 10.98, 10.8, 10.68, 10.54, 10.44, 10.32, 10.26, 10.02, 9.92, 9.82, 9.74, 9.6, 9.48, 9.32, 6]
['0.9.txt_2', 0.027, 1.135, 2.339, 3.861, 5.028, 5.926, 6.829, 7.501, 8.097, 8.897, 9.534, 10.115, 10.616, 11.191, 11.431, 11.725, 12.235, 12.48, 12.818, 12.946, 13.153, 13.693, 13.972, 14.241, 14.474, 14.599, 15.112, 15.487, 15.943, 16.085, 16.285, 16.622, 16.761, 16.841, 17.048, 17.084, 17.147, 17.382, 17.801, 18.443, 18.82, 672.5]
['1.0.txt_1', 47.88, 35.26, 29.72, 26.24, 22.96, 21.12, 19.74, 18.4, 17.42, 16.82, 16.08, 15.56, 15.16, 14.82, 14.34, 13.98, 13.6, 13.38, 13.16, 13.08, 12.98, 12.76, 12.66, 12.38, 12.22, 12.14, 11.9, 11.66, 11.38, 11.3, 11.22, 11.2, 11.12, 10.98, 10.86, 10.74, 10.7, 10.62, 10.56, 10.52, 10.5, 4]
['1.0.txt_2', 0.027, 1.062, 2.284, 3.539, 4.92, 5.859, 6.55, 7.467, 8.161, 8.579, 9.319, 9.835, 10.293, 10.6, 11.425, 11.811, 12.233, 12.367, 12.649, 12.79, 13.074, 13.722, 13.79, 14.214, 14.596, 14.635, 14.902, 15.384, 15.735, 15.784, 15.914, 15.939, 16.079, 16.411, 16.56, 16.723, 16.749, 16.828, 16.956, 17.279, 17.301, 635.75]
