['K10.txt_1', 47.88, 28.96, 20.3, 15.4, 12.6, 10.74, 9.34, 8.56, 8.0, 7.42, 7.0, 6.62, 6.34, 6.06, 5.8, 5.6, 5.32, 5.12, 4.94, 4.82, 4.7, 4.44, 4.26, 4.16, 4.12, 4.06, 3.96, 3.94, 3.88, 3.88, 3.84, 3.76, 3.74, 3.68, 3.64, 3.56, 3.52, 3.5, 3.44, 3.42, 3.42, 22]
['K10.txt_2', 0.027, 2.589, 5.239, 7.345, 9.099, 10.144, 11.08, 11.655, 12.512, 13.145, 13.665, 14.091, 14.516, 14.923, 15.424, 15.361, 15.757, 15.831, 16.03, 16.262, 16.51, 16.854, 17.244, 17.329, 17.503, 17.718, 17.962, 17.807, 17.643, 17.626, 17.709, 17.998, 18.015, 18.261, 18.273, 18.436, 18.437, 18.478, 18.768, 18.77, 18.765, 405.318]
['K11.txt_1', 47.88, 28.66, 20.36, 15.18, 12.22, 10.08, 8.76, 7.78, 7.26, 6.84, 6.46, 6.0, 5.84, 5.52, 5.4, 5.18, 4.92, 4.76, 4.68, 4.62, 4.48, 4.24, 4.14, 4.02, 4.0, 3.88, 3.86, 3.82, 3.8, 3.7, 3.7, 3.68, 3.68, 3.64, 3.62, 3.56, 3.52, 3.48, 3.48, 3.48, 3.48, 22]
['K11.txt_2', 0.027, 2.562, 5.062, 7.54, 9.259, 10.555, 11.239, 12.076, 12.503, 12.994, 13.391, 14.147, 14.443, 14.994, 15.134, 15.318, 15.709, 15.872, 15.867, 16.046, 16.075, 16.638, 16.753, 16.946, 16.945, 17.407, 17.564, 17.493, 17.458, 17.592, 17.555, 17.688, 17.468, 17.645, 17.659, 17.803, 17.824, 17.938, 17.933, 17.917, 17.911, 382.818]
['K12.txt_1', 47.88, 28.68, 20.04, 15.12, 12.14, 10.12, 8.72, 7.96, 7.42, 6.98, 6.36, 5.94, 5.7, 5.54, 5.36, 5.12, 4.88, 4.76, 4.7, 4.36, 4.3, 4.16, 4.04, 3.98, 3.8, 3.66, 3.62, 3.54, 3.46, 3.46, 3.4, 3.38, 3.32, 3.3, 3.26, 3.24, 3.24, 3.24, 3.18, 3.18, 3.18, 26]
['K12.txt_2', 0.027, 2.546, 5.101, 7.443, 9.05, 10.206, 10.927, 11.72, 12.293, 12.892, 13.28, 13.777, 14.118, 14.437, 14.873, 15.115, 15.581, 15.597, 15.686, 16.533, 16.537, 16.608, 16.724, 16.727, 17.057, 17.215, 17.386, 17.565, 17.86, 17.851, 17.955, 17.937, 17.856, 17.897, 17.939, 17.892, 17.857, 17.832, 18.048, 17.917, 17.895, 375.231]
['K13.txt_1', 47.88, 28.2, 19.9, 14.9, 11.84, 9.92, 8.48, 7.76, 7.36, 6.82, 6.2, 5.72, 5.54, 5.42, 5.2, 5.12, 4.84, 4.68, 4.58, 4.48, 4.32, 4.24, 4.1, 4.1, 4.02, 3.96, 3.9, 3.88, 3.88, 3.78, 3.74, 3.64, 3.62, 3.62, 3.58, 3.54, 3.54, 3.5, 3.48, 3.48, 3.48, 27]
['K13.txt_2', 0.027, 2.511, 5.083, 7.274, 8.867, 10.246, 11.101, 11.713, 12.02, 12.815, 13.182, 13.741, 13.906, 14.005, 14.893, 14.983, 15.435, 15.28, 15.42, 15.752, 15.921, 16.044, 16.363, 16.343, 16.603, 16.761, 17.062, 17.065, 16.846, 17.174, 17.266, 17.111, 16.967, 16.954, 17.029, 16.934, 16.896, 17.032, 16.983, 16.808, 16.807, 350.37]
['K14.txt_1', 47.88, 28.24, 19.8, 14.68, 11.64, 9.58, 8.28, 7.66, 7.18, 6.86, 6.24, 5.64, 5.48, 5.3, 5.06, 5.0, 4.84, 4.74, 4.66, 4.38, 4.24, 4.12, 4.08, 4.04, 4.02, 3.98, 3.96, 3.94, 3.84, 3.78, 3.74, 3.68, 3.64, 3.6, 3.6, 3.56, 3.56, 3.56, 3.54, 3.54, 3.46, 25]
['K14.txt_2', 0.027, 2.5, 5.108, 7.372, 9.041, 10.252, 11.017, 11.439, 11.746, 12.348, 12.974, 13.798, 13.92, 14.193, 14.459, 14.584, 14.787, 14.829, 15.33, 16.03, 16.047, 16.174, 16.198, 16.24, 16.281, 16.377, 16.432, 16.577, 16.837, 16.733, 16.746, 16.824, 16.846, 16.898, 16.881, 16.942, 16.936, 16.916, 17.118, 17.113, 17.476, 297.2]
['K15.txt_1', 47.88, 27.82, 19.5, 14.58, 11.84, 9.9, 8.56, 7.68, 7.14, 6.68, 6.26, 6.0, 5.74, 5.48, 5.18, 5.02, 4.96, 4.78, 4.66, 4.48, 4.28, 4.14, 4.1, 4.06, 4.04, 3.94, 3.94, 3.92, 3.82, 3.68, 3.66, 3.64, 3.52, 3.44, 3.28, 3.22, 3.16, 3.06, 3.04, 3.02, 3.0, 27]
['K15.txt_2', 0.027, 2.55, 5.158, 7.333, 8.693, 9.802, 10.776, 11.417, 12.024, 12.584, 12.952, 13.43, 13.655, 14.091, 14.518, 14.524, 14.456, 14.966, 14.955, 15.392, 15.384, 15.547, 15.552, 15.766, 15.862, 16.226, 16.207, 16.23, 16.475, 16.656, 16.575, 16.631, 16.992, 17.215, 17.255, 17.331, 17.56, 17.383, 17.02, 16.915, 16.829, 348.519]
['K16.txt_1', 47.88, 27.54, 19.66, 14.56, 11.88, 9.88, 8.66, 7.82, 7.32, 6.74, 6.26, 5.92, 5.58, 5.4, 5.1, 4.98, 4.86, 4.76, 4.6, 4.54, 4.42, 4.24, 4.2, 4.12, 3.9, 3.78, 3.66, 3.54, 3.44, 3.44, 3.36, 3.32, 3.32, 3.3, 3.3, 3.3, 3.26, 3.24, 3.24, 3.2, 3.2, 30]
['K16.txt_2', 0.027, 2.499, 5.143, 7.317, 8.681, 9.969, 10.709, 11.354, 11.835, 12.336, 12.962, 13.495, 13.905, 14.021, 14.161, 14.321, 14.371, 14.463, 14.843, 14.94, 15.047, 15.421, 15.535, 15.532, 16.121, 16.128, 16.188, 16.308, 16.46, 16.385, 16.466, 16.601, 16.589, 16.58, 16.564, 16.266, 16.465, 16.389, 16.247, 16.464, 16.444, 333.933]
['K17.txt_1', 47.88, 27.32, 19.6, 14.82, 11.84, 10.02, 8.6, 7.6, 7.1, 6.52, 6.02, 5.78, 5.5, 5.32, 5.2, 5.0, 4.8, 4.6, 4.52, 4.42, 4.22, 4.18, 4.04, 4.0, 3.82, 3.74, 3.66, 3.62, 3.54, 3.46, 3.4, 3.38, 3.34, 3.34, 3.28, 3.28, 3.28, 3.26, 3.26, 3.24, 3.22, 31]
['K17.txt_2', 0.027, 2.504, 5.052, 6.944, 8.541, 9.827, 10.71, 11.333, 11.707, 12.263, 12.671, 12.991, 13.23, 13.483, 13.717, 14.053, 14.208, 14.52, 14.456, 14.414, 14.409, 14.457, 14.49, 14.488, 14.711, 14.675, 14.621, 14.657, 14.834, 14.951, 14.996, 14.957, 15.021, 14.976, 15.07, 15.022, 14.991, 15.007, 14.688, 14.848, 14.897, 287.806]
['K18.txt_1', 47.88, 27.5, 19.48, 15.22, 12.72, 10.88, 9.48, 8.48, 7.84, 7.08, 6.54, 6.16, 5.76, 5.46, 5.26, 5.08, 4.96, 4.8, 4.72, 4.68, 4.58, 4.34, 4.26, 4.18, 4.02, 3.94, 3.88, 3.88, 3.84, 3.84, 3.68, 3.66, 3.58, 3.52, 3.52, 3.46, 3.44, 3.38, 3.34, 3.34, 3.34, 29]
['K18.txt_2', 0.027, 2.501, 4.962, 6.763, 8.223, 9.319, 10.263, 11.05, 11.758, 12.317, 12.751, 13.146, 13.668, 13.893, 14.165, 14.365, 14.505, 14.665, 14.749, 14.55, 14.369, 14.617, 14.773, 14.884, 15.342, 15.573, 15.428, 15.384, 15.458, 15.409, 15.851, 15.722, 15.807, 15.852, 15.825, 15.961, 15.958, 16.124, 16.295, 16.287, 16.257, 306.966]
['K19.txt_1', 47.88, 27.34, 19.22, 15.44, 12.6, 10.82, 9.36, 8.54, 7.76, 7.22, 6.74, 6.42, 6.04, 5.74, 5.58, 5.44, 5.2, 5.04, 4.86, 4.72, 4.46, 4.34, 4.26, 4.18, 4.06, 4.04, 3.94, 3.92, 3.9, 3.88, 3.86, 3.86, 3.82, 3.82, 3.76, 3.72, 3.72, 3.68, 3.64, 3.56, 3.52, 27]
['K19.txt_2', 0.027, 2.465, 4.852, 6.76, 8.083, 9.152, 9.962, 10.75, 11.431, 11.798, 12.136, 12.312, 13.158, 13.398, 13.899, 14.0, 14.33, 14.568, 14.697, 14.568, 14.653, 14.805, 14.87, 14.918, 15.118, 15.038, 15.257, 15.288, 15.269, 15.219, 15.285, 15.132, 15.004, 14.976, 14.849, 14.823, 14.767, 14.964, 14.984, 15.012, 15.22, 284.481]
['K20.txt_1', 47.88, 27.34, 19.2, 15.3, 12.56, 10.96, 9.54, 8.68, 7.92, 7.28, 6.78, 6.4, 6.0, 5.8, 5.62, 5.4, 5.32, 5.22, 5.08, 4.96, 4.9, 4.74, 4.56, 4.48, 4.38, 4.26, 4.2, 4.14, 4.08, 4.02, 3.92, 3.9, 3.88, 3.84, 3.8, 3.78, 3.76, 3.7, 3.7, 3.64, 3.62, 27]
['K20.txt_2', 0.027, 2.445, 4.788, 6.511, 8.028, 8.924, 9.935, 10.415, 11.109, 11.557, 12.027, 12.373, 12.937, 13.193, 13.5, 13.789, 13.588, 13.574, 13.57, 13.69, 13.856, 14.094, 14.278, 14.383, 14.533, 14.635, 14.415, 14.49, 14.654, 14.721, 14.789, 14.778, 14.751, 14.845, 15.051, 15.059, 15.029, 15.092, 15.004, 15.089, 15.118, 279.444]
['K5.txt_1', 47.88, 29.32, 20.66, 15.98, 13.3, 11.08, 9.98, 9.38, 8.76, 8.2, 7.72, 7.22, 6.9, 6.74, 6.46, 6.26, 6.2, 6.18, 6.04, 5.9, 5.82, 5.76, 5.6, 5.52, 5.48, 5.44, 5.24, 5.14, 5.12, 5.1, 5.06, 4.88, 4.84, 4.78, 4.74, 4.66, 4.66, 4.66, 4.64, 4.6, 4.54, 13]
['K5.txt_2', 0.027, 2.664, 5.256, 7.461, 9.06, 10.354, 11.08, 11.909, 12.749, 13.185, 13.845, 14.761, 15.099, 15.373, 15.922, 16.155, 16.276, 16.28, 16.588, 16.855, 16.999, 17.118, 17.548, 17.538, 17.402, 17.536, 17.949, 18.219, 18.261, 18.244, 18.438, 18.54, 18.551, 18.654, 18.947, 19.458, 19.451, 19.451, 19.559, 19.678, 20.119, 352.769]
['K6.txt_1', 47.88, 29.3, 20.34, 15.72, 12.78, 10.9, 9.86, 9.34, 9.0, 8.32, 7.96, 7.6, 7.18, 6.96, 6.74, 6.62, 6.52, 6.42, 6.28, 6.14, 6.06, 5.94, 5.84, 5.74, 5.62, 5.3, 5.2, 5.14, 5.08, 5.06, 5.02, 4.98, 4.96, 4.92, 4.9, 4.88, 4.86, 4.86, 4.8, 4.8, 4.78, 13]
['K6.txt_2', 0.027, 2.574, 5.39, 7.465, 9.046, 10.216, 10.782, 11.602, 12.014, 12.886, 13.467, 14.05, 14.492, 14.743, 15.344, 15.49, 15.672, 15.904, 16.332, 16.576, 16.596, 16.878, 16.981, 17.233, 17.516, 18.244, 18.293, 18.436, 18.589, 18.622, 18.668, 18.74, 18.733, 18.943, 19.01, 19.059, 19.192, 19.184, 19.255, 19.255, 19.375, 348.462]
['K7.txt_1', 47.88, 29.36, 20.42, 15.6, 12.8, 10.9, 9.86, 9.38, 8.7, 8.1, 7.7, 7.38, 6.96, 6.8, 6.62, 6.28, 6.0, 5.74, 5.54, 5.36, 5.06, 4.9, 4.82, 4.68, 4.58, 4.5, 4.38, 4.34, 4.32, 4.3, 4.24, 4.2, 4.18, 4.14, 4.14, 4.12, 4.06, 4.02, 3.92, 3.88, 3.84, 16]
['K7.txt_2', 0.027, 2.582, 5.268, 7.447, 8.834, 10.179, 10.91, 11.615, 12.475, 12.964, 13.394, 13.951, 14.35, 14.593, 15.321, 15.714, 16.236, 16.785, 16.906, 17.222, 17.435, 17.676, 17.792, 18.051, 18.375, 18.48, 18.683, 18.713, 18.737, 18.734, 18.898, 19.015, 19.082, 19.407, 19.407, 19.443, 19.716, 19.747, 19.93, 20.254, 20.294, 436.938]
['K8.txt_1', 47.88, 29.16, 20.48, 15.38, 12.66, 10.8, 9.66, 8.96, 8.46, 7.96, 7.54, 7.04, 6.78, 6.56, 6.24, 6.08, 5.82, 5.56, 5.28, 5.16, 4.9, 4.64, 4.5, 4.36, 4.28, 4.18, 4.14, 4.06, 4.02, 4.02, 3.98, 3.94, 3.84, 3.82, 3.78, 3.78, 3.72, 3.72, 3.72, 3.64, 3.54, 19]
['K8.txt_2', 0.027, 2.505, 5.311, 7.54, 9.084, 10.002, 10.682, 11.523, 12.038, 13.29, 13.795, 14.358, 14.69, 15.214, 15.78, 15.899, 16.322, 16.49, 16.851, 17.002, 17.107, 17.651, 17.767, 18.131, 18.252, 18.473, 18.616, 18.904, 18.939, 18.923, 19.081, 19.057, 19.424, 19.477, 19.515, 19.5, 19.849, 19.844, 19.844, 20.191, 20.376, 465.368]
['K9.txt_1', 47.88, 29.04, 20.28, 15.3, 12.58, 10.84, 9.34, 8.86, 8.1, 7.66, 7.06, 6.54, 6.22, 5.96, 5.54, 5.3, 5.14, 4.86, 4.72, 4.6, 4.44, 4.36, 4.26, 4.16, 4.1, 4.06, 3.96, 3.9, 3.88, 3.86, 3.8, 3.8, 3.76, 3.74, 3.7, 3.7, 3.68, 3.66, 3.6, 3.54, 3.5, 22]
['K9.txt_2', 0.027, 2.529, 5.282, 7.422, 9.195, 10.177, 11.179, 11.626, 12.676, 13.315, 14.03, 14.464, 14.718, 15.158, 15.928, 15.947, 16.19, 16.494, 16.71, 17.048, 16.89, 16.951, 17.221, 17.488, 17.595, 17.545, 17.857, 17.902, 17.839, 17.993, 18.085, 18.076, 18.142, 18.236, 18.377, 18.368, 18.202, 18.398, 18.357, 18.459, 18.538, 430.318]
