['0.0.txt_1', 47.88, 16.2, 10.26, 7.64, 6.22, 5.46, 4.86, 4.48, 4.18, 3.96, 3.78, 3.62, 3.38, 3.22, 3.16, 3.1, 3.06, 3.04, 3.0, 2.98, 2.96, 2.94, 2.9, 2.7, 2.66, 2.64, 2.6, 2.58, 2.58, 2.58, 2.56, 2.52, 2.42, 2.42, 2.4, 2.38, 2.38, 2.36, 2.36, 2.34, 2.3, 38]
['0.0.txt_2', 0.027, 8.224, 12.615, 15.101, 17.041, 18.051, 19.53, 20.753, 21.081, 21.32, 21.667, 21.891, 22.468, 22.584, 22.741, 22.962, 23.182, 22.965, 23.129, 23.218, 22.918, 23.137, 23.25, 23.673, 23.546, 22.957, 22.806, 23.225, 23.058, 22.923, 23.01, 22.904, 23.528, 23.451, 23.423, 23.791, 23.721, 23.794, 23.742, 24.242, 24.674, 271.684]
['0.1.txt_1', 47.88, 16.16, 10.2, 7.64, 6.3, 5.54, 4.96, 4.54, 4.18, 3.86, 3.64, 3.54, 3.36, 3.24, 3.22, 3.18, 3.18, 3.12, 2.98, 2.98, 2.94, 2.8, 2.72, 2.7, 2.62, 2.6, 2.6, 2.56, 2.5, 2.5, 2.48, 2.44, 2.44, 2.42, 2.4, 2.4, 2.4, 2.38, 2.36, 2.36, 2.36, 38]
['0.1.txt_2', 0.027, 8.227, 12.545, 15.181, 17.261, 18.286, 19.407, 20.35, 21.017, 21.503, 21.96, 21.895, 22.543, 23.042, 22.997, 23.393, 23.156, 23.198, 23.657, 23.096, 23.412, 23.812, 23.87, 23.502, 24.246, 23.992, 23.784, 23.679, 23.516, 23.406, 23.3, 23.836, 23.789, 24.206, 23.962, 23.284, 23.231, 23.607, 24.027, 23.528, 23.49, 259.395]
['0.2.txt_1', 47.88, 16.22, 10.36, 7.88, 6.34, 5.52, 5.02, 4.54, 4.06, 3.86, 3.54, 3.5, 3.38, 3.14, 3.12, 3.02, 2.98, 2.92, 2.82, 2.68, 2.64, 2.6, 2.58, 2.56, 2.56, 2.5, 2.5, 2.46, 2.42, 2.4, 2.38, 2.36, 2.36, 2.36, 2.36, 2.34, 2.34, 2.34, 2.34, 2.34, 2.34, 37]
['0.2.txt_2', 0.027, 8.032, 12.472, 14.731, 16.948, 18.758, 19.797, 20.345, 21.745, 21.611, 22.476, 22.24, 22.37, 23.034, 22.937, 23.49, 23.433, 23.293, 23.74, 23.671, 23.737, 22.555, 22.073, 22.331, 22.209, 22.979, 22.517, 22.606, 22.875, 23.177, 23.337, 23.783, 23.741, 23.682, 23.654, 24.273, 23.799, 23.75, 23.719, 23.69, 23.674, 236.784]
['0.3.txt_1', 47.88, 16.34, 10.66, 8.3, 7.06, 6.2, 5.6, 5.28, 4.84, 4.46, 4.22, 4.02, 3.92, 3.7, 3.68, 3.62, 3.58, 3.54, 3.44, 3.36, 3.3, 3.2, 3.1, 2.98, 2.98, 2.96, 2.96, 2.94, 2.94, 2.88, 2.8, 2.76, 2.76, 2.76, 2.72, 2.72, 2.72, 2.7, 2.68, 2.68, 2.68, 34]
['0.3.txt_2', 0.027, 7.445, 11.122, 13.255, 14.796, 16.242, 17.359, 17.833, 18.681, 19.603, 20.059, 20.451, 20.57, 21.224, 20.67, 20.778, 20.689, 20.918, 21.382, 21.573, 21.807, 21.778, 21.792, 22.229, 22.218, 22.555, 21.416, 21.435, 21.287, 21.473, 21.856, 22.175, 22.08, 22.019, 22.351, 21.988, 21.942, 21.921, 21.938, 21.899, 21.857, 259.618]
['0.4.txt_1', 47.88, 18.06, 11.52, 9.4, 8.14, 7.18, 6.4, 5.94, 5.58, 4.94, 4.66, 4.26, 4.02, 3.84, 3.78, 3.68, 3.62, 3.58, 3.48, 3.4, 3.28, 3.24, 3.08, 3.04, 2.94, 2.9, 2.88, 2.82, 2.8, 2.7, 2.68, 2.64, 2.64, 2.62, 2.62, 2.6, 2.6, 2.58, 2.58, 2.54, 2.54, 32]
['0.4.txt_2', 0.027, 6.26, 9.983, 12.109, 13.824, 15.222, 16.449, 17.671, 18.434, 19.61, 20.189, 21.125, 21.801, 22.006, 22.296, 22.547, 22.659, 22.719, 22.978, 23.474, 23.976, 23.996, 24.632, 24.455, 24.579, 24.72, 24.742, 24.86, 24.852, 25.372, 25.265, 24.998, 24.505, 24.435, 23.834, 23.776, 23.503, 23.368, 23.088, 23.022, 23.017, 294.0]
['0.5.txt_1', 47.88, 18.86, 12.88, 10.52, 9.08, 8.28, 7.56, 6.74, 6.32, 5.8, 5.4, 5.26, 5.06, 4.92, 4.78, 4.68, 4.58, 4.44, 4.3, 4.2, 4.04, 3.94, 3.68, 3.62, 3.58, 3.48, 3.42, 3.34, 3.28, 3.16, 3.06, 3.02, 2.94, 2.92, 2.78, 2.76, 2.72, 2.7, 2.7, 2.68, 2.62, 31]
['0.5.txt_2', 0.027, 5.748, 9.45, 11.847, 13.524, 14.775, 15.977, 17.183, 18.128, 19.307, 20.193, 20.525, 20.974, 21.861, 22.253, 22.557, 22.642, 23.266, 23.583, 24.031, 24.554, 24.603, 25.245, 25.59, 25.591, 26.039, 26.123, 25.773, 26.082, 26.703, 27.164, 27.337, 27.548, 27.591, 27.713, 27.563, 27.674, 27.636, 27.48, 27.548, 27.153, 384.29]
['0.6.txt_1', 47.88, 19.14, 13.16, 10.64, 9.34, 8.48, 7.66, 7.22, 6.7, 6.2, 5.8, 5.48, 5.24, 5.04, 4.8, 4.66, 4.48, 4.4, 4.32, 4.26, 4.16, 4.06, 4.06, 4.06, 3.98, 3.88, 3.72, 3.62, 3.5, 3.48, 3.44, 3.4, 3.32, 3.32, 3.32, 3.28, 3.22, 3.2, 3.14, 3.1, 3.1, 27]
['0.6.txt_2', 0.027, 5.821, 9.539, 11.65, 13.416, 14.655, 15.715, 16.604, 17.637, 18.684, 19.926, 20.454, 21.095, 21.511, 22.208, 22.768, 23.101, 23.263, 23.553, 23.704, 24.035, 24.474, 24.474, 24.433, 24.831, 25.504, 25.875, 26.33, 26.846, 26.855, 26.943, 27.107, 27.453, 27.33, 27.286, 27.108, 27.347, 27.454, 27.311, 27.558, 27.54, 364.074]
['0.7.txt_1', 47.88, 19.46, 13.6, 11.04, 9.76, 8.92, 8.08, 7.54, 7.12, 6.8, 6.28, 6.04, 5.8, 5.52, 5.3, 5.1, 4.88, 4.7, 4.54, 4.44, 4.36, 4.18, 4.12, 4.06, 3.96, 3.82, 3.74, 3.66, 3.54, 3.38, 3.36, 3.28, 3.22, 3.22, 3.2, 3.16, 3.08, 3.08, 3.04, 2.98, 2.98, 27]
['0.7.txt_2', 0.027, 5.627, 9.235, 11.434, 12.979, 14.328, 15.525, 16.472, 17.242, 17.994, 19.037, 19.991, 20.435, 20.886, 21.989, 22.514, 23.193, 23.739, 23.839, 24.231, 24.523, 24.991, 25.156, 25.544, 25.638, 26.412, 26.751, 26.569, 26.78, 27.238, 27.094, 27.419, 27.774, 27.754, 27.768, 28.05, 28.014, 27.92, 27.951, 28.368, 28.314, 387.519]
['0.8.txt_1', 47.88, 19.88, 13.98, 11.36, 10.06, 9.3, 8.62, 7.9, 7.58, 7.28, 6.98, 6.68, 6.1, 5.86, 5.64, 5.56, 5.38, 5.16, 5.0, 4.84, 4.76, 4.62, 4.52, 4.48, 4.26, 4.2, 4.14, 4.02, 3.94, 3.86, 3.8, 3.76, 3.7, 3.66, 3.6, 3.52, 3.42, 3.32, 3.3, 3.28, 3.24, 26]
['0.8.txt_2', 0.027, 5.38, 8.828, 11.339, 12.947, 14.099, 15.242, 16.512, 17.025, 17.621, 18.805, 19.58, 20.641, 21.362, 21.753, 22.043, 22.502, 23.095, 23.77, 24.068, 24.382, 24.802, 25.132, 25.171, 25.869, 26.068, 26.368, 26.766, 26.991, 27.501, 27.656, 27.84, 27.924, 27.697, 27.916, 28.65, 28.699, 28.679, 28.397, 28.281, 28.359, 373.654]
['0.9.txt_1', 47.88, 19.96, 13.94, 11.6, 10.36, 9.56, 8.74, 8.16, 7.48, 7.18, 7.04, 6.9, 6.62, 6.24, 6.02, 5.88, 5.76, 5.58, 5.48, 5.4, 5.28, 5.16, 5.02, 4.86, 4.76, 4.62, 4.5, 4.42, 4.36, 4.2, 4.14, 4.06, 3.98, 3.92, 3.92, 3.78, 3.76, 3.62, 3.56, 3.54, 3.52, 23]
['0.9.txt_2', 0.027, 5.455, 9.131, 11.183, 12.808, 14.02, 15.31, 16.066, 17.311, 17.758, 18.002, 18.498, 19.662, 20.344, 21.026, 21.409, 21.988, 23.034, 23.364, 23.581, 23.944, 24.462, 25.214, 25.538, 25.982, 26.606, 26.798, 27.158, 27.43, 27.761, 28.046, 28.17, 28.467, 28.695, 28.687, 29.166, 29.162, 29.509, 29.528, 29.542, 29.745, 411.696]
['1.0.txt_1', 47.88, 20.42, 14.36, 11.8, 10.44, 9.86, 9.1, 8.48, 8.0, 7.52, 7.3, 7.02, 6.68, 6.52, 6.38, 6.08, 5.82, 5.66, 5.48, 5.36, 5.32, 5.1, 4.98, 4.94, 4.8, 4.64, 4.46, 4.42, 4.34, 4.34, 4.32, 4.22, 4.1, 4.06, 4.04, 3.88, 3.86, 3.76, 3.7, 3.7, 3.7, 20]
['1.0.txt_2', 0.027, 5.229, 8.905, 11.051, 12.651, 13.435, 15.097, 15.702, 16.787, 17.439, 18.093, 18.52, 19.77, 20.353, 20.626, 21.777, 22.268, 22.764, 23.442, 23.848, 24.003, 24.465, 24.754, 24.856, 25.555, 26.271, 26.721, 26.845, 27.131, 27.129, 27.313, 27.515, 28.246, 28.285, 28.455, 29.162, 29.303, 29.903, 29.925, 29.917, 29.914, 396.8]
